24 28.7275 -90.7488 54.0229 -74.6571 75.3281 -52.295 84.3774 -35.6333 89.7215 -24.3869 84.8049 -0.599727 79.3183 15.777 68.7014 37.854 52.3841 52.2356 26.9461 66.9022 3.78837 78.4336 -13.669 85.6897 -18.3006 84.1102 -32.3377 75.4053 -50.3652 61.285 -63.5473 47.1647 -69.3189 28.7691 -73.9505 12.3686 -73.1667 -14.2925 -72.6679 -29.8379 -70.744 -32.2724 -48.0138 -54.3733 -22.7184 -78.4692 3.4321 -100 
23 20.9376 -53.0079 48.9835 -49.8963 72.2583 -35.6521 83.4463 -21.7259 96.2246 -4.93708 92.463 14.0783 84.8845 31.1852 78.5783 41.2944 63.048 51.4037 32.8862 56.4237 3.99668 58.263 -11.5337 55.6493 -30.8809 51.7632 -60.0885 41.8338 -76.5731 32.8585 -97.1926 21.0206 -100 -3.22224 -97.4001 -18.559 -76.6699 -39.6211 -57.8482 -53.6855 -45.3879 -55.027 -33.5638 -55.7323 -6.47213 -55.8014 
22 84.5574 -60.2558 87.4451 -53.5232 100 -18.4793 98.054 -9.67514 80.9165 26.0593 52.7307 59.7222 27.6522 77.8484 4.99058 79.7473 -32.5173 77.8484 -60.7031 65.5917 -88.5436 49.8823 -87.3823 33.1372 -82.7684 19.1541 -79.1902 10.35 -66.9805 -12.2646 -60.9856 -19.6877 -37.7276 -41.2665 -10.6717 -59.7379 16.3842 -71.9947 34.8085 -77.3462 50.8161 -80.6262 72.693 -81.8346 
21 18.1508 -98.2944 50.9336 -92.4417 75.4219 -68.8689 84.4524 -51.3285 90.4668 -32.6571 82.1544 11.2747 73.465 44.6499 66.2837 54.6499 56.4632 61.2567 31.939 67.4865 4.02154 66.553 -21.6338 64.4883 -48.0431 55.2603 -77.4686 39.623 -89.9282 12.675 -93.3393 3.07002 -78.6535 -21.2388 -70.754 -32.7289 -51.921 -52.5135 -34.5961 -69.6589 -3.69838 -100 
20 50.0708 -89.2173 69.2758 -60.6836 85.4594 -29.5062 92.2009 -3.2386 85.346 21.1406 63.0063 53.0734 47.4648 71.032 31.9233 78.7933 23.5577 79.001 1.97337 76.565 -15.4565 73.3736 -51.3927 65.2724 -69.9556 59.8149 -86.6302 29.8083 -88.5752 3.57851 -75.7908 -34.3594 -71.6929 -39.4391 -38.1362 -73.2225 -8.35615 -95.2979 24.823 -100 
19 19.4638 -86.8275 38.2127 -70.2592 68.5076 -37.0509 60.0894 -5.54066 48.9544 20.8758 35.1028 43.8963 21.2511 63.1814 2.64522 79.4102 -13.9231 69.151 -16.2288 67.7212 -27.7033 59.4996 -39.5174 40.7507 -56.0858 14.1912 -64.1644 -12.7078 -66.1305 -23.9857 -68.7757 -43.4138 -69.723 -59.7855 -66.9348 -75.8177 -25.773 -100 
18 7.04977 -70.1385 39.9897 -39.5382 67.7578 -13.7404 81.1185 9.47152 77.4859 34.5305 76.4392 36.6855 58.7686 58.4197 35.1873 83.8481 13.0836 90.4361 -9.75885 79.2919 -44.0534 48.9379 -55.4438 37.4243 -67.9425 0.420729 -74.1611 -27.3474 -73.7301 -32.2114 -57.4141 -66.2596 -35.5567 -95.8748 -26.629 -100 
17 55.4072 -70.9348 83.2679 -53.0505 83.9749 -33.3857 70.8824 9.42655 59.5706 36.2137 28.6724 62.1105 -5.78686 79.1045 -27.337 78.2927 -52.4483 71.249 -82.011 54.8573 -100 31.7884 -91.7256 -9.53129 -82.5609 -36.1613 -68.9447 -48.5467 -41.0841 -57.8162 3.69207 -69.7565 25.7659 -75.4648 
16 61.5693 -57.4885 63.9175 -54.3099 88.2589 -11.7268 96.1054 12.0704 95.7045 13.4164 75.1432 45.0029 38.0871 73.382 -6.30011 95.3465 -48.3963 80.6558 -92.3253 33.4336 -95.9336 16.9101 -100 -15.1919 -74.7423 -31.2572 -45.3608 -45.0315 -15.5212 -56.9731 24.8568 -61.1254 
15 -59.9381 -88.2972 -22.8173 -75.2012 24.9845 -45.8514 68.1424 -6.28483 88.0805 26.7802 93.6223 51.4861 97.3065 74.7988 58.7307 87.8947 26.6563 84.7368 -13.3127 70.8978 -52.8173 44.0557 -77.4613 3.74613 -89.5666 -25.418 -97.4923 -55.9752 -99.3808 -100 
14 30.6654 -83.502 48.3287 -56.7004 56.5471 -24.3177 54.4618 14.0754 43.3609 56.7617 20.6685 74.977 -5.02913 81.6007 -37.5958 54.7378 -52.5606 24.8697 -58.939 9.16897 -55.0138 -5.67311 -38.6385 -41.981 -14.1061 -78.7182 19.0126 -100 
0
